6394
6511
15661
15662
15978
275429
306036
322207
15663
18927
41259
47351
47524
47525
47529
140393
141756
143153
182468
182470
182471
346555
614018
617014
620084
620101
627922
2786938
3014864
3017562
3057046
4136023
4301656
4318749
5051291
5122317
5325197
10509166
10863647
10928004
10940668
11049421
11094435
11102671
11566949
11675167
12422701
12532831
13130657
13759983
13898950
14290602
14359189
14387252
14387253
14547897
15683030
15731570
15731571
15739351
15739353
15739354
17854058
21587820
21587821
21590609
21590649
21590650
21590651
21590652
21590654
21590656
21590657
21590659
21590660
21590661
21590662
21590663
21590664
21590665
21590666
21590667
21590669
21590670
21590671
21590672
21590673
21627807
21678148
21679012
21680605
21718436
21730299
21730300
21730405
21730406
21730407
21733066
21733071
22165020
22412567
23228339
23236082
23236083
23236084
23261382
23261421
23269464
23270792
23270914
23270915
23270916
23271022
23271023
23271024
24892919
24893033
25270686
25271356
71347999
71350950
71351577
71415157
71441826
87477592
87826605
87862230
87882160
88029140
88029963
88265537
88282366
88357760
88357761
88713163
88762474
91753808
91753809
91999499
92001041