11591
443130
16684434
409301
7862
188946
16682936
16683093
16698637
11645
10244589
23690449
76958912
6860
8253
10598
12318
14451
25210
29272
30005
30556
67168
67347
93293
129880
133498
151723
174144
5210311
6335820
11764862
15631879
16682942
16683019
16683671
16684280
16684344
16684709
16685306
18503008
23672771
23721632
25021877
44134484
56840814
56840815
57347330
71308357
72726790
76957940
76968447
90473030
91667698
92043607
16684927
24867608
17437
67361
3246082
5771554
16132607
16683647
10978
23052
31933
75543
81251
164927
406974
407378
407549
409268
409273
409302
409342
409344
409459
409460
409520
409723
409725
409728
412217
413020
413504
413507
414970
415312
415316
415317
415318
415319
415548
415554
415559
416609
416611
419394
419857
419974
420412
420413
421503
421506
421507
421838
422694
422696
422697
422698
422703
422704
422705
422706
422888
423627
423950
423961
425349
425350
425351
426855
426857
426869
426872
426900
426907
426929
426931
428924
428926
428932
428934
428946
428947
429028
429124
429161
429402
429403
430454
430573
430574
430575
437110
437194
437785
438056
5475528
5475647
9573635
10862850
13781743
16678058
16682934
16683626
16683630
16683639
16683657
16683666
16683682
16683683
16683684
16683697
16683711
16683716
16683718
16683722
16683740
16683747
16683748
16683749
16683771
16683792
16683794
16683801
16683805
16683807
16683825
16683861
16717696
24182894
24183868
24187822
24190911
54600939
54604574
54604899
54605065
7906
12382
17117
145872
444318
444666
449448
550525
657062
4369111
6852130
11259838
11967799
12257138
12257139
12257140
12533408
14056398
19105421
20617628
21017967
25243829
57611520
57611523
57611525
57666196
57681728
57681739
57681752
57681753
57681768
57747620
57998291
58606485
58606487
58606490
58651583
58680669
58700925
58700928
58700930
58763857
58763858
58763859
58763860
58763861
58763862
58763863
58857108
58857134
58882878
58882881
58882889
58981591
58981595
58992140
58992182
58995876
59099459
59118687
59118688
59266077
59341574
59669775
59827649
59841383
59899851
59905406
59905421
59912821
59914194
59914224
59922744
59955201
59974097
60019065
60039012
60039018
60039021
76871880
86745677
90684361
91623330
2715
2716
5441
5442
5908
6110
6111
6840
6841
6859
7905
7999
8527
9030
9031
10294
10398
10995
11585
11586
12358
12726
12945
12946
13073
14064
16696
17115
17116
17439
17440
18201
18788
18789
18790
18791
18792
18993
19651
20412
21257
22190
22191
22255
22293
24695
24736
25826
27898
29072
29556
30006
30475
31273
31274
31303
31427
31934
32364
32871
33541
33542
33663
33664
36221
36222
36223
36236
36300
36301
40070
44041
44889
44890
44891
44892
44894
44898
45194
45195
45196
45467
45468
46174
46743
49876
49877
49878
49879
49880
49881
49882
49885
50983
52705
52706
52707
53664
54720
54721
54722
54723
54724
65313
65314
66943
67167
67169
67333
68175
71638
71639
75288
77181
80050
80051
83317
101626
115155
115681
116364
116365
123429
123432
136261
136308
136309
136792
137435
137557
139092
139104
139123
139237
139423
139695
140041
140283
140284
140495
141041
141104
141115
141337
141451
141458
141459
141928
142267
142274
142328
142843
142844
143590
143591
143592
143593
143627
143628
143755
143756
144038
144071
144079
144577
144579
144624
145867
160174
165661
165664
169497
176922
176949
179509
181166
186641
191000
191706
191707
193118
193185
193186
193454
193455
193986
200761
201910
202222
211624
217581
217582
407140
407141
407201
407499
407652
408304
408834
408908
409178
409239
409240
409264
409265
409267
409269
409270
409271
409272
409274
409279
409280
409300
409341
409343
409345
409346
409347
409348
409392
409393
409394
409395
409457
409458
409461
409462
409463
409464
409465
409466
409467
409468
409521
409522
409603
409604
409605
409606
409607
409722
409724
409726
409727
409729
409730
409731
409732
409786
409788
409789
409790
409791
410078
410079
410332
410499
410500
410696
410697
410698
410699
410700
410701
410702
410703
410704
410705
410706
410707
410708
410709
410710
410711
410712
410806
410807
410858
410859
412216
412617
412634
412736
412737
413018
413019
413022
413318
413375
413503
413505
413506
413594
413658
413943
413944
413946
413947
413948
413950
413951
413952
413953
414971
414972
415130
415313
415314
415315
415320
415549
415550
415551
415552
415553
415555
415556
415557
415558
416605
416606
416607
416608
416610
416612
416623
416624
416625
416626
416627
416628
416629
416630
417150
418312
418313
418321
418431
418432
418433
418434
418435
418609
418610
418746
418948
419395
419528
419529
419717
420109
420110
420111
420112
420113
420114
421501
421502
422695
422707
423014
423015
423543
423626
423643
423739
423740
423773
424642
426415
426416
426850
426851
426930
428929
428930
429022
429373
430576
431557
431558
432160
432161
432525
432526
432538
436457
436502
437192
437193
437409
437441
437442
437461
437462
437463
437692
437693
437786
444667
447574
498047
498048
498095
498301
498302
511713
511714
511715
511716
511717
511718
512273
536421
548801
554840
555639
557169
572326
580347
591205
614374
625206
2723633
2736035
2736058
2748783
2786840
2786841
3006535
3009808
3014093
3014097
3014101
3014628
3014725
3014726
3015107
3015446
3015447
3026223
3026224
3027858
3027859
3029229
3029276
3029277
3029284
3029290
3029292
3029296
3029297
3032012
3032013
3032022
3032023
3032164
3032165
3037187
3039054
3041192
3041193
3047922
3047923
3047924
3051419
3052766
3055910
3055911
3057008
3082538
3083910
3083911
3246083
3300860
3340119
3340120
3360169
3373231
3423285
3449426
3449427
3457347
3466188
3468653
3476219
3479681
3479788
3480456
3485970
3494265
3551295
3598571
3613509
3614922
3735227
3736532
3765862
3773145
3928537
3928538
3928539
3939165
3967937
4066781
4070802
4086472
4091524
4093344
4093704
4093705
4108633
4108634
4108635
4144666
4144667
4158441
4181400
4195808
4275594
4275595
4327134
4327135
4369611
4382158
4382159
4406938
4412626
4412627
4424353
4427597
4427598
4463265
4518919
4550724
4560843
4564766
4564767
4586192
4609190
4610717
4623681
4639382
4639383
4658501
4658502
4694786
5074796
5081890
5095051
5139542
5142157
5142158
5148315
5150246
5175346
5182824
5182825
5207849
5213429
5226660
5232065
5232066
5232171
5232172
5241355
5246754
5249574
5250866
5250867
5252316
5252319
5254653
5254855
5254858
5255216
5257418
5257795
5257796
5260416
5351778
5458524
5463159
5475058
5475059
5477269
5477270
5745045
5745187
5745188
5858436
6093168
6093183
6093229
6093230
6093279
6093292
6093298
6093333
6093423
6100733
6100734
6101905
6102044
6102046
6102048
6102049
6102050
6102051
6102056
6102067
6102068
6102069
6102070
6102193
6102194
6102195
6103591
6333614
6397132
6397608
6432136
6433455
6455483
6455484
6525129
6711844
6917065
9806195
9830204
9830205
9849337
9849338
9869087
9869088
9870128
9889486
9893572
9893942
9978370
9981511
9986748
10000492
10000493
10004567
10004852
10004853
10004895
10004896
10006409
10006410
10009474
10022750
10024083
10025962
10026391
10027987
10028671
10028672
10029225
10029226
10031070
10031071
10045516
10051405
10051406
10052908
10052909
10053088
10053089
10053726
10066117
10066937
10066938
10066939
10066940
10069004
10069005
10069409
10071139
10077326
10077617
10077618
10078318
10080012
10080013
10089022
10090214
10091083
10092246
10093868
10093869
10095613
10100419
10100420
10115020
10115021
10249835
10249836
10250315
10253572
10253573
10253903
10253904
10256147
10256148
10257488
10257489
10258348
10258349
10258521
10258937
10259023
10259024
10316383
10316384
10318396
10320399
10323152
10323153
10326142
10326143
10327616
10340379
10340380
10349031
10360302
10361196
10361197
10362315
10366009
10369235
10369236
10383801
10383802
10383803
10384361
10387123
10392693
10392694
10393552
10406515
10407377
10414347
10414348
10416118
10416119
10417532
10427761
10427762
10429816
10430270
10435695
10436245
10436246
10437678
10437848
10439623
10453081
10453082
10471995
10474462
10474469
10474692
10474693
10477713
10481331
10481332
10498518
10504990
10504991
10505057
10508772
10510429
10527301
10529415
10531360
10531933
10531934
10534279
10549987
10552693
10553883
10556648
10557578
10557579
10569365
10574604
10576655
10576920
10579502
10600306
10600307
10600620
10602078
10602079
10602967
10603636
10603869
10619812
10621970
10623490
10624512
10624752
10627800
10647770
10650256
10651267
10651773
10652180
10652427
10672595
10672596
10694568
10694569
10694715
10695545
10695546
10696249
10698352
10714257
10714719
10717666
10718484
10718485
10718911
10720214
10720215
10723964
10724274
10737408
10740246
10742804
10743498
10745860
10746953
10747122
10747422
10747423
10747600
10760899
10766081
10766082
10768973
10770031
10770181
10786838
10786839
10788297
10794501
10794530
10812865
10814469
10814815
10815745
10816028
10816418
10817462
10817973
10832149
10833561
10835320
10837205
10841479
10842254
10843313
10861225
10864705
10864706
10865019
10869777
10875464
10875465
10876102
10876164
10876165
10886405
10886725
10891676
10896953
10897283
10897284
10897432
10906145
10907878
10915049
10918041
10918466
10918857
10918916
10919181
10926971
10928958
10929339
10940349
10940781
10940996
10941242
10941243
10941461
10950856
10951180
10953032
10959035
10959305
10959457
10959878
10961897
10962066
10963317
10972363
10972693
10973346
10973484
10974002
10982414
10984481
10985759
10992091
10993803
10994420
10994737
10995286
10996269
10996270
11002868
11005872
11006796
11007321
11007507
11014366
11015934
11015935
11015947
11017879
11022444
11027605
11028811
11036904
11039920
11048279
11048861
11049221
11049948
11050140
11050141
11051490
11051491
11059332
11059594
11060240
11060241
11060717
11069197
11072293
11072351
11080803
11081786
11082429
11091314
11091539
11101919
11102953
11102975
11103206
11114193
11115636
11123932
11134661
11136746
11144792
11145035
11145304
11145708
11146117
11157787
11169261
11169910
11180451
11180749
11180750
11180802
11193248
11198432
11202419
11223439
11223440
11228064
11228065
11238366
11238463
11248585
11249419
11250731
11257959
11258288
11261411
11273557
11285153
11285154
11285935
11285936
11290582
11295773
11308116
11318219
11320090
11331381
11331944
11339007
11339008
11342614
11349642
11349643
11353200
11362561
11363229
11364251
11366100
11376533
11377632
11398328
11400056
11405678
11405679
11407003
11410714
11411208
11411596
11411597
11444070
11445408
11449864
11467230
11478005
11479573
11487207
11491334
11491335
11556111
11685710
11700480
11725084
11726182
11726183
11730745
11730753
11730945
11731770
11732009
11740287
11740288
11740417
11742447
11758206
11758207
11760040
11765160
11767526
11774711
11793701
11794978
11797743
11799098
11803518
11803755
11804363
11812254
11826639
11858713
11858714
11858716
11858717
11947625
11947634
11947671
11954348
11954663
11954664
11957409
11958300
11968148
11968174
11968186
11971880
11971881
11971882
11971883
11972493
11982022
11985339
12061550
12074572
12128017
12142139
12203142
12236005
12252893
12257137
12306630
12312754
12321036
12381259
12381260
12400444
12412545
12422674
12422700
12423238
12424048
12424049
12429481
12456217
12456218
12456249
12462998
12462999
12464139
12474338
12474339
12476314
12476315
12476317
12476318
12476320
12476321
12476322
12517990
12517993
12521352
12521357
12521364
12523798
12523799
12541702
12541708
12556517
12561285
12596307
12596347
12596348
12596350
12632956
12633850
12633851
12644584
12644814
12644815
12665712
12665713
12668264
12673210
12732923
12752901
12752913
12768478
12768490
12768491
12885449
12885450
12885451
12885452
12960855
12965108
13027514
13027515
13032254
13032256
13032258
13032260
13077780
13087764
13087767
13087789
13110696
13112949
13113017
13113018
13113019
13124124
13126558
13155189
13155190
13155191
13199583
13205984
13221465
13221870
13234462
13251506
13270826
13284799
13287362
13287363
13288645
13302072
13321607
13329859
13358301
13361517
13379216
13397984
13397986
13397989
13431165
13431173
13459125
13495247
13498503
13498504
13498505
13513470
13565752
13568810
13643935
13667681
13667683
13733753
13739252
13749082
13749083
13759391
13781751
13813573
13813576
13814067
13842842
13842846
13842855
13883612
13903380
13903392
13903407
13903427
13903428
13903437
13932363
14056400
14066916
14066920
14112713
14158192
14171641
14171642
14225383
14225385
14264674
14264675
14264679
14264693
14318927
14367217
14417011
14470110
14592121
14592122
14632043
14789444
14900093
14943712
14943713
14993114
15004021
15031777
15033586
15033588
15074544
15074547
15074548
15074971
15074972
15074974
15074977
15074978
15099065
15099066
15145591
15156658
15156659
15156661
15187090
15212372
15313822
15355918
15355919
15355926
15355927
15442973
15461339
15573107
15576842
15600603
15600604
15631880
15642139
15642141
15651259
15669072
15783258
15784719
15811026
15826882
15861127
15889185
15970824
15971279
15971380
15971714
15971726
15971744
15972779
16043615
16057712
16057894
16057908
16058366
16132553
16132609
16132789
16132800
16132848
16132860
16132861
16133124
16133192
16133270
16133271
16133290
16133307
16133308
16133348
16133390
16410497
16682968
16682970
16682973
16682978
16682980
16683003
16683032
16683033
16683046
16683050
16683052
16683054
16683063
16683064
16683593
16683625
16683627
16683628
16683629
16683631
16683632
16683633
16683634
16683635
16683636
16683637
16683638
16683640
16683641
16683642
16683643
16683644
16683645
16683646
16683648
16683649
16683650
16683651
16683652
16683664
16683667
16683670
16683672
16683679
16683687
16683688
16683689
16683698
16683699
16683700
16683715
16683832
16683856
16683944
16683965
16684171
16684218
16684260
16684341
16684342
16684343
16684359
16684382
16684471
16684504
16684547
16684571
16684573
16684574
16684586
16684592
16684710
16684781
16684824
16684936
16685026
16685028
16685038
16685110
16685127
16685149
16685178
16685192
16685195
16685284
16685315
16685316
16685654
16685703
16685704
16685726
16686185
16686220
16686221
16686223
16686252
16686255
16686275
16686276
16686278
16686292
16686315
16686324
16686375
16686380
16686381
16686385
16686390
16686422
16686424
16686429
16686439
16686470
16686477
16686498
16686508
16686542
16686554
16686562
16686616
16686625
16686651
16686826
16686829
16686945
16686971
16687006
16687009
16687033
16687040
16687109
16687138
16687305
16687336
16687597
16687598
16687798
16687868
16688013
16688450
16688562
16688570
16688701
16688704
16688705
16688835
16688982
16688997
16689178
16689179
16689411
16689455
16689477
16711369
16717697
16755837
16755838
16756046
18350346
18444052
18444061
18502968
18503139
18503322
18503323
18503874
18503875
18540391
18601208
18635282
19046629
19438059
19438060
19438061
19438062
19438064
19438065
19438067
19438070
19438071
19810322
19824381
19824382
19824384
19844499
19844502
19844506
19844507
19891797
19914296
20070236
20137371
20202538
20202539
20265807
20308150
20308151
20315319
20315320
20336163
20357272
20357302
20367131
20390392
20439181
20439192
20439201
20439202
20439203
20439219
20439248
20544347
20593750
20609296
20777043
20833923
20975259
20975465
20975635
20975707
20975919
20977993
20980272
20980381
21017957
21017958
21017959
21114796
21114855
21115069
21115070
21116915
21122457
21123070
21124019
21124366
21125055
21125825
21126094
21126095
21126976
21127869
21144144
21149317
21149348
21149349
21149392
21149417
21150424
21151754
21152266
21153129
21187800
21187807
21187810
21187822
21187826
21268395
21313702
21313703
21318024
21386744
21390582
21390584
21415595
21432109
21522954
21549146
21549188
21550196
21582812
21582813
21582814
21582815
21582816
21582817
21583192
21583193
21583218
21583629
21587773
21587774
21587775
21590686
21590687
21590688
21590689
21590690
21590691
21590692
21590693
21590695
21590696
21590697
21590698
21590699
21590700
21590701
21590702
21590703
21590704
21590705
21590706
21590707
21595589
21595590
21595603
21596530
21596531
21596532
21596533
21596534
21596535
21596536
21596537
21596538
21596539
21596540
21596541
21596542
21601474
21601475
21601476
21606456
21606457
21606458
21606459
21627600
21627601
21627602
21627603
21627604
21634130
21634676
21634678
21637293
21647357
21659905
21670701
21670702
21670703
21670704
21670705
21670706
21670707
21670708
21670709
21670710
21670724
21670732
21670733
21673197
21673198
21673199
21676551
21676552
21676553
21676554
21677403
21677404
21677405
21677406
21677535
21679545
21680730
21728196
21728197
21728198
21728199
21728200
21728201
21728202
21728203
21728204
21728205
21728206
21728207
21728208
21728209
21728210
21729136
21729137
21729519
21729520
21729521
21729522
21729523
21729524
21731038
21731081
21732137
21732975
21733069
21763083
21763084
21764451
21764452
21765466
21765798
21765852
21779623
21779624
21779625
21782787
21782789
21787386
21796809
21829045
21829046
21829047
21829048
21829049
21829050
21841551
21855197
21855198
21855199
21855200
21855201
21855202
21855203
21855204
21855205
21855206
21855207
21855208
21855209
21855210
21856669
21856670
21856671
21856672
21860714
21903932
21918797
21944556
22008234
22112639
22210436
22210437
22210438
22210439
22215795
22215796
22217034
22295775
22295776
22321205
22708994
22765759
22765760
22834035
22834061
22834062
22834178
22834185
22834219
22834229
22834337
22834365
22834383
22834392
22834403
22834404
22834445
22964807
22964808
23182614
23182615
23229491
23229858
23230529
23231241
23231320
23231520
23231713
23232103
23232726
23233237
23233491
23234854
23236139
23236140
23236141
23236142
23238781
23243807
23252223
23261832
23261836
23261840
23261841
23262200
23262201
23263219
23263250
23263512
23263513
23263607
23263859
23263860
23264079
23264130
23264175
23264287
23264946
23265000
23265797
23265840
23265873
23265874
23265875
23266512
23266513
23267803
23267887
23268181
23268238
23268239
23268256
23268345
23269022
23269121
23269181
23269194
23269195
23269203
23269204
23269205
23269443
23269520
23270103
23270318
23270321
23270323
23270324
23270325
23270327
23270426
23270790
23271037
23271038
23271039
23271040
23271041
23271042
23271264
23271832
23271987
23272964
23273458
23273534
23273988
23273989
23273991
23276680
23277896
23278541
23336854
23349449
23367673
23417618
23424264
23424408
23547518
23547519
23616100
23616101
23616331
23616470
23616503
23616562
23616705
23616893
23616894
23616909
23616910
23616911
23616948
23616949
23617115
23617414
23617815
23617816
23618378
23618482
23618871
23619674
23619826
23620020
23620078
23620079
23620289
23622747
23644243
23662376
23665041
23671709
23675761
23675770
23675771
23679637
23680204
23681223
23681225
23681226
23681227
23683290
23686609
23689016
23690426
23691720
23703793
23703794
23703806
23703807
23703808
23703975
23706238
23715940
23715941
23715942
23719494
23724952
23724953
23724954
23724955
23724956
23724957
24178701
24180039
24180875
24182840
24182892
24182893
24182895
24182896
24182975
24182976
24183042
24183681
24186208
24187993
24187994
24188878
24188889
24190774
24190855
24191369
24193258
24193624
24193745
24196988
24770448
24772967
24813518
24834189
24834190
24840000
24840001
24840002
24840003
24840004
24840005
24840006
24840007
24840010
24840013
24840014
24840015
24840016
24840018
24840019
24840020
24840021
24840022
24840023
24840024
24840025
24840026
24840027
24840028
24844404
24844405
24848106
24867609
24870872
24871269
24871270
24883884
24944331
25021981
25022284
25053382
25058561
25199582
25199594
25199605
25199624
25199860
25200109
25200259
25200264
25203568
25203905
25245477
42620821
42621077
42621339
42622410
42622421
44124918
44124919
44134399
44144408
44144767
44148849
44152692
44152874
44229234
44301559
44301608
44475993
44631321
44828474
45050469
45103064
45103065
45480592
46173268
46854006
46895001
46918796
46926254
46936479
49788999
49789046
49789059
49822455
49822514
49822616
49822771
49822798
49822799
49822800
49822801
49822802
49822910
49866810
49868024
49868049
49868050
49868051
49868073
49868083
49868084
49868086
49868111
49868129
49868133
49868137
49868138
49868139
49868141
49868147
49868166
49868176
49868177
49868178
49868179
49868213
49868382
49873596
49873599
49873617
49873715
49873726
49873739
49873749
49873764
49873765
49873766
49873767
49873768
49873769
49873771
49873772
49873773
49873774
49873777
49873778
49873779
49873780
49873781
49873782
49873786
49873793
49873794
49873796
49873797
49873798
49873799
49873800
49873801
49873802
49873803
49873806
49873807
49873821
49873823
49873836
49873838
49873839
49873848
49874012
49874039
49874101
49874102
49874104
49874117
49874120
49874121
49874122
49874129
49874130
49874131
49874189
49874190
49874223
49874249
49874292
49874367
49874370
49874394
49874437
49874451
50897534
50909027
50909061
50909072
50909097
50909106
50909116
50909117
50909118
50909137
50909138
50909198
50909219
50909286
50909493
50909676
50910108
50910275
50910281
50910787
50910818
50911094
50911366
50911367
50911368
50911526
50911947
50911973
50912044
50912267
50912527
50912664
50912735
50915368
50915369
50915542
50915543
50918174
50918199
50918323
50918354
50918477
50919625
50919904
50919907
50920142
50920361
50920362
50920406
50920440
50920441
50920819
50921123
50921124
50921134
50922127
50922644
50930559
50934556
50934782
50988812
51032429
51032574
51032575
51032706
51032707
51032708
51032709
51032710
51032711
51032712
51033198
51346717
51362270
51362829
53298341
53384478
53384564
53461454
53461619
53462827
53471927
54599751
54605548
54716119
54726499
56843208
56953822
56953823
57347965
57347966
57347967
57349073
57349968
57351948
57357648
57358394
57358947
57366203
57370905
57375582
57376157
57404119
57404120
57407394
57417370
57417438
57417473
57418151
57422078
57430871
57430872
57446087
57446088
57449200
57452077
57459413
57467548
57468119
57469157
57611521
57611524
57611526
57747621
58680670
58882879
58992141
58992183
59905422
59922745
60149615
60149911
60161135
60205010
66606129
66608786
66628380
66628381
66647946
66755152
66873416
66873636
66987854
66988029
67005162
67193476
67229533
67229534
67279841
67345761
67359200
67360550
67366527
67393161
67506622
67566046
67600469
67600470
67634530
67669800
67679997
67729690
67796015
67910538
67943658
67943659
67992078
68125625
68133710
68141297
68141300
68141301
68413217
68413218
68458617
68646857
69052918
69156979
69220992
69252203
69587909
69670188
69710654
69736467
69774461
69864261
69864262
69905073
69941482
69969707
70076404
70076405
70148797
70149836
70150227
70200037
70209567
70214876
70251357
70387666
70399445
70399481
70399484
70399486
70399487
70399999
70400005
70400008
70433513
70445846
70445849
70446201
70446202
70460650
70485892
70485893
70503690
70518719
70518723
70543139
70557078
70557079
70557080
70557962
70557963
70563797
70564903
70574301
70574306
70587738
70603296
70613344
70613345
70619662
70619663
70619708
70619709
70619777
70619778
70620278
70631634
70631635
71308358
71319721
71321645
71328496
71329080
71329311
71329764
71333506
71333784
71335163
71336577
71336578
71337646
71338969
71342416
71343631
71349620
71353230
71353877
71353878
71355763
71355764
71355765
71356224
71356294
71356981
71356982
71357049
71357291
71357857
71357928
71358942
71359009
71360780
71360879
71362973
71363207
71363431
71364527
71365248
71365249
71365250
71365251
71365252
71365889
71366316
71366317
71366407
71366426
71369681
71370275
71371982
71372845
71373472
71374360
71374750
71374878
71374879
71374880
71374881
71374882
71374883
71374884
71374900
71379891
71379892
71380313
71380326
71380327
71381491
71381492
71381493
71381494
71381583
71381732
71382849
71382850
71382853
71384821
71384822
71384823
71384824
71384825
71384826
71384827
71384828
71384829
71384830
71384831
71384832
71386119
71386357
71387147
71387214
71387215
71387253
71387279
71391304
71391305
71391306
71391334
71392506
71392507
71392827
71393167
71393168
71393169
71393170
71393171
71395450
71401629
71401668
71403134
71403135
71403136
71403138
71403589
71405858
71408340
71409740
71411615
71411616
71411617
71411618
71413706
71414976
71428878
71432019
71434608
71434886
71436427
71436428
71436481
71439991
71441085
71441171
71441172
71441503
71442304
71444021
71444399
71444689
71444690
71444691
71444692
71447148
71587117
71587118
71587783
71594546
71774448
71774837
71774838
71775091
71775095
71775096
71775380
72710718
72941551
73167515
73555458
73894329
73894330
73897283
73897563
73897564
74088452
74089861
74089862
74764703
74764704
76957924
76957925
76957926
76957927
76957928
76957929
76957930
76957931
76957932
76957933
76957934
76957935
76957936
76957937
76957938
76957939
76958487
76958488
76958489
76958490
76958491
76958699
76958700
76958701
76958702
76958703
76958704
76958705
76958706
76958707
76958708
76958709
76958710
76958711
76958712
76958713
76958714
76958715
76958908
76958909
76958910
76958911
76958960
76958961
76958962
76958963
76958964
76959184
76959185
76959186
76959187
76959188
76959189
76959190
76959191
76959258
76959259
76959260
76959261
76959262
76959263
76959264
76959265
76959266
76960540
76960541
76960542
76960543
76960544
76960667
76960668
76960669
76960670
76960671
76962070
76962071
76962072
76962715
76962716
76962717
76962718
76962719
76963514
76963515
76963516
76964762
76965936
76966150
76966151
76966152
76966331
76966332
76966333
76967224
76967225
76967226
76967227
76967228
76968063
76968064
76968065
76968066
76968067
76968443
76968444
76968445
76968446
76969292
76969293
76969294
76969295
76969296
76970545
76970546
76970547
76970771
76970772
76970773
76971579
76971580
76971581
76971582
76971583
76972319
76972320
76972321
76972322
76972323
77014432
77014433
78060878
78062452
78063289
78063290
78063291
78063292
78063293
78064161
78066432
78067644
78070234
78070475
85654730
85820434
86278124
86278125
86809754
87060253
87072996
87073106
87073213
87073301
87073315
87090818
87103461
87103462
87103727
87103728
87119621
87119622
87131117
87139219
87141286
87186944
87220960
87226056
87226159
87226161
87226325
87226387
87252246
87273968
87306149
87361643
87364978
87369877
87370148
87392821
87392822
87423900
87510527
87520348
87520892
87579405
87579406
87615103
87615104
87701689
87804599
87822180
87843780
87854384
87876928
87900982
87914326
87914347
87914349
87949411
87995821
87995822
88069571
88086113
88086114
88096618
88111368
88154857
88199373
88199374
88208016
88218864
88296811
88300175
88344562
88344563
88344564
88409054
88410114
88410115
88413802
88433272
88433273
88433276
88433277
88482247
88482248
88495118
88609939
88609940
88609941
88609945
88609946
88609947
88622915
88624088
88636092
88636093
88636277
88677002
88687571
88687820
88687821
88696449
88696450
88696452
88726278
88726279
88726299
88726331
88726332
88726386
88726387
88726924
88726925
88743685
88743686
88746065
88746470
88746471
88746472
88747250
88747251
88747252
88747253
88747594
88748137
88749369
88757295
88763721
88764904
88776461
88776462
88776464
88777737
88777738
88777824
88778092
88778265
88781642
88784857
88787391
88787392
88791294
88793329
88804347
88805810
88817523
88817913
88825343
88825770
88826094
88826301
88828833
88828834
88828962
88828965
88833551
88833552
88834399
88834623
88834625
88835770
88835771
88840853
88847191
89525345
89541448
89588820
89622135
90041765
90041948
90041949
90041952
90042370
90303627
90357787
90357788
90358076
90358079
90358080
90469738
90470419
90470441
90470801
90470802
90471798
90471799
90471800
90471924
90472644
90472830
90472831
90473243
90473244
90474651
90476561
90476562
90478530
90478531
90478532
90478533
90478534
90478539
90478540
90487059
90487067
90487068
90487069
90487070
90487071
90487132
90487323
90487332
90684411
90684412
91617821
91617822
91617823
91617824
91617825
91667974
91667977
91667978
91753810
91824760
91824761
91866250
91872278
91872279
91979825
91979826
91980785
91980979
91981093
91981135
91987815
91993133
91993134
91997265
91997360
91997829
92002739
92002912
92003026
92004302
92006037
92006100
92006311
92007028
92007029
92007030
92010391
92010392
92010693
92010694
92010725
92011342
92017194
92017195
92017959
92017960
92027368
92030046
92040334
92043702
117070645
117070677
117070727
118984360
118984361