25842
14019
16683281
16683282
6394
6327255
6511
15661
15662
32747
32748
6328106
16683256
15978
73703
223969
265884
275429
299678
305881
306022
306036
322207
16683115
16683116
16683260
16683261
16683262
16683263
16683283
16683285
16683316
16683317
16683342
16683343
16683344
16683345
16683346
16683347
16683348
16683349
16683350
16683351
16683352
16683365
16683366
16683367
16683368
16683370
16683371
16683372
16683373
16683374
16683376
16683378
16683379
16683380
16683381
16683383
16683384
16683385
16683387
16683413
16683414
16683415
16683416
16683429
16683431
16683432
16683433
16683434
16683435
16683436
16683437
16683438
16683439
16683440
16683441
16683442
16683445
16683448
16683449
16683450
16683451
16683452
16683453
16683458
16683468
16683483
54598466
15663
56844156
57745008
58501639
58594499
58650708
58650715
58650745
58665627
58811346
58844129
59203701
59490960
59562479
59900082
59900088
59900113
59900120
60027849
60027851
60027854
60128108
18927
21291
24003
30802
41259
47351
47524
47525
47529
61139
73704
75759
75760
75761
81092
83253
85094
86264
86265
87544
87545
87546
87547
87548
87549
88727
138676
140393
141756
142543
143153
182468
182470
182471
186071
188632
190242
210082
210083
297465
297466
299721
299742
300797
305931
316526
346552
346553
346555
521073
522768
614018
617014
620084
620101
627922
2786938
3014864
3017562
3057046
3268300
3475039
3491183
3704308
4136023
4177825
4188990
4301656
4318749
4382895
4682045
5051291
5122317
5242769
5242770
5242773
5325197
6101937
6327254
6327265
6327535
6327620
6328728
6328731
6328818
6328819
6328822
6328823
6328824
6328825
6328826
6329778
6330192
6330193
6330194
6330197
6330254
6330255
6330256
6330308
6330309
6330310
6330311
6330314
6330315
6330340
6330341
6330348
6330349
6330350
6330351
6330352
6330354
6330355
6330356
6330357
6330358
6330359
6330362
6330364
6330365
6330366
6330368
6330369
6330370
6330375
6330376
6330409
6330410
6330411
6330424
6330425
6330426
6330427
6330428
6330429
6330430
6330431
6330434
6330435
6330436
6330437
6330440
6330443
6330444
6330445
6330446
6330447
6330448
6330453
6330463
6330477
6331264
6333094
6333095
6333096
6335406
6337721
6337789
6337798
6338205
6338537
6367103
6367105
6367106
6367107
6367662
6367946
6367947
6367949
6367950
6367951
6368100
6368101
6368102
6368103
6373706
6379039
6379040
6380902
6381486
6382247
6385679
6392731
6398060
6446712
6447355
6452112
10007214
10007215
10028577
10028578
10348939
10348940
10509166
10532522
10720222
10720223
10817111
10840333
10840334
10863647
10874888
10874889
10876667
10887720
10928004
10939985
10940668
10952696
11003553
11049191
11049192
11049421
11092140
11092141
11094435
11102671
11443849
11566949
11675167
11731786
11968137
11972277
11980749
12418414
12422701
12532831
13130657
13442625
13759983
13898950
14290602
14359189
14367933
14387252
14387253
14547897
14619477
14761894
15683030
15731570
15731571
15739351
15739353
15739354
15763694
15788633
15898501
16058221
16058232
16683430
16683540
16683782
16683783
16683785
16684016
16684030
16684031
16684032
16684042
16684069
16684243
16684244
16684258
16684327
16684328
16684338
16684340
16684373
16684374
16684422
16684594
16684604
16684605
16684606
16684607
16684608
16684754
16684760
16684761
16684762
16684763
16684764
16684765
16684767
16684768
16684769
16684770
16685025
16685077
16685078
16685079
16685179
16685823
16686189
16686219
16686455
16687041
16687254
16688007
16688157
16693459
16693471
16693946
16697862
16697863
16703772
16708312
17749600
17854058
18502980
19784556
20835784
20840756
20849331
20975619
20975920
20976771
20977615
20978303
20981368
20981369
21122400
21437531
21544010
21544014
21550193
21587820
21587821
21590609
21590649
21590650
21590651
21590652
21590654
21590656
21590657
21590659
21590660
21590661
21590662
21590663
21590664
21590665
21590666
21590667
21590669
21590670
21590671
21590672
21590673
21627807
21678148
21679012
21680596
21680605
21680607
21718436
21730299
21730300
21730405
21730406
21730407
21733066
21733067
21733071
22129252
22165020
22412567
22505776
22662640
23228339
23236082
23236083
23236084
23261382
23261421
23269464
23270792
23270914
23270915
23270916
23271022
23271023
23271024
23278245
23278714
23304744
23304745
23304797
23304814
23363489
23529510
23535274
23596796
23617560
23619718
23620003
23622152
24843092
24843093
24843094
24892919
24893033
25199844
25270686
25271356
42622278
44144622
49791700
49791701
49822559
49822569
49822570
49822571
49822578
49822585
49822592
49868478
49868498
49868569
49873541
50921783
50921785
50931031
50931037
50931146
50931359
50931360
50931403
50931406
50931407
50931408
50931409
50931536
50931613
50931614
50931615
50931617
50931641
50931642
50931661
50931662
50931663
50931664
50931665
50931666
50931667
50931668
50931672
50931673
50931674
50931675
50931677
50931678
50931679
50931680
50931681
50931683
50931685
50931686
50931687
50931689
50931690
50931691
50931693
50931712
50931713
50931714
50931726
50931727
50931728
50931729
50931730
50931731
50931732
50931733
50931734
50931735
50931736
50931737
50931740
50931743
50931744
50931745
50931746
50931747
50931748
50931753
50931756
50931761
50931935
50931936
50931937
50932188
50932282
50932286
50932303
50932339
50932463
50932504
50932539
50932630
50932751
50932753
50932755
50932757
50932887
50932919
50932920
50932921
50932922
50932923
50932930
50932931
50932932
50932933
50933985
50935432
50935434
53421031
53432382
54725828
57351416
57376024
57479287
57479307
57479323
57479421
57479439
57479527
57479538
57479921
57480071
57480129
57480195
57480218
57480241
57480249
57480257
57480261
57487071
57488661
57490114
57490155
57493512
57498488
57504068
57504206
57507051
57507052
57516858
59490961
60027850
60027852
60027855
60160709
60210081
71321921
71328276
71336283
71336851
71343765
71345422
71347999
71350950
71351577
71352765
71358840
71368696
71369588
71369589
71383648
71385203
71385204
71385205
71385206
71385207
71385208
71386300
71393794
71401954
71403059
71415157
71435645
71435646
71441826
73077679
74069859
74764846
74765281
74765608
78063614
78063711
85448854
85558282
85714404
87084682
87084683
87087990
87089362
87095087
87096160
87206083
87234964
87282706
87309203
87321636
87323887
87323914
87324102
87324103
87436133
87439689
87444571
87459097
87459646
87460021
87470901
87477592
87484765
87484766
87484875
87484878
87485334
87485335
87513945
87513947
87557595
87568340
87568895
87576517
87577681
87577900
87599894
87649062
87654102
87663143
87735392
87768720
87775394
87826603
87826605
87862230
87865131
87878410
87878411
87882160
87895183
87899388
87899389
87899401
87899426
87899532
87900268
87901803
87917704
87933684
87933685
87963610
87963612
87963613
87991898
88029140
88029828
88029963
88180821
88216340
88219671
88235713
88265536
88265537
88282366
88289668
88312298
88330623
88356859
88357760
88357761
88378402
88402691
88441295
88442096
88442097
88445357
88460324
88467604
88468304
88471329
88471330
88471578
88471728
88501785
88599065
88641502
88641503
88641504
88641533
88674094
88713163
88715670
88719688
88732062
88732063
88734470
88743906
88757453
88758467
88758468
88758470
88761450
88762474
88770947
88770948
88781844
88791581
88802038
88802528
88802642
88803502
88805155
88810352
88837122
88837271
88837272
88837513
88837781
88837794
88837909
88838492
88845733
89306847
89442512
90236144
90236145
90236146
90473449
91753808
91753809
91867689
91867690
91994918
91997380
91997478
91997614
91998055
91998056
91999499
92001041
92001468
92001603
92001633
92001734
92001735
92002092
92003251
92003438
92004453
92004454
92004536
92005546
92007233
92008339
92008864
92009840
92014173
92014178
92014180
92014181
92017735
92020283
92027119
92027120
92038033
92038551
92040158
92040220
92041073
92042430
117069355
118855673
119078789