16682746
3032732
15096
16683295
16682974
16682777
16120
16684364
16682812
16683765
16683081
16682741
4984872
16684361
6435872
16683411
16683072
305767
120323
23765
16682834
200512
6327815
16683071
6327813
16683286
619414
16682828
16682826
16683085
2737316
16683278
16683089
62837
16685117
16684356
16684081
16684355
2733350
16684600
16684596
2769397
16684611
16684602
16683087
16684180
90628
81998
16683088
16684603
11984406
53628735
16684292
207904
120372
16683955
3050818
3483848
16684612
2763259
607784
2763294
90470652
44146827
2735461
585740
21660574
632345
5948
37499
50932139
18005932
10992308
10862926
11110497
2779373
50932292
50932152
11034994
50935204
50932645
50932644
50932291
50932194
50931567
119026129
76192841
54768409
12228730
11013379
3638260
630640
86657672
50932734
50932685
50932290
50932177
50932167
50931914
50931621
24194155
6364993
92040961
92038638
66674638
16684372
16683834
16683280
10893384
50932302
50931349
25199869
16058220
92041199
92040224
11759721
50932743
50932157
50932143
50932142
50931592
25199866
92041072
92041005
13495644
11626200
92002813
57373047
50932761
50932747
50931619
50931618
50931341
50931246
92042236
92042233
92040743
92040219
92039189
21501736
18329364
18005066
16690362
639663
50932749
50932564
50932297
50932154
50931969
50931749
50931612
50931342
50931252
101602750
101602749
92042243
92041084
92040744
92040186
92038550
71446621
57359395
24194123
21504810
16682827
15254406
86603012
50932294
50932202
50931919
50931915
24200107
92042373
92040168
24194156
50931658
50931622
50931204
102094238
101639110
101639091
92041214
92002080
91997575
21400915
50935361
50932541
50932278
50932221
50932144
50931913
50931646
50931553
50931247
101639109
101639102
101639098
101639090
101272840
101272832
16683297
50932679
50932218
101708304
101272833
92040187
92035827
92003422
10572307
50932276
50932256
50932140
50931396
50931391
50931390
50931347
50931314
92042244
91997870
86733927
85779503
18364146
14028198
50937439
50936095
50934038
50932667
50932665
50932299
50932191
50931709
50931261
101682073
101682072
101682071
101639107
101632533
92039176
11363059
50934167
50932485
50932481
50932271
50931754
50931344
50931203
101682075
101682074
101639096
101632531
101632530
92038712
92037119
92036708
86753332
50935413
50935367
50935341
50935227
50934542
50932965
50932422
50931710
50931376
50931301
101639104
101639100
101602753
101602752
50932763
50932182
50931708
101639106
101639094
101639092
100944369
92035309
50935397
50931245
101683634
101632536
50935340
50932917
50932550
50932436
50931215
24190158
101638514
50932883
16684135
16684055
101638516
101638512
92042585
92036227
92033362
50935696
50935273
50935272
50933137
50932937
50932713
50931750
24199488
24190160
24190159
101996390
74029870
92043434
91873309
91867577
91867575
91867569
90476843
90317686
88847379
88836424
88835569
88834703
88808437
88808398
88808218
88808192
88802129
88796013
88795998
88795943
88795671
88795650
88791318
88791106
88790896
88790809
88731649
88683560
88657435
88446865
88400460
88400458
88384866
88377237
88371841
88353240
88343069
88330742
88245239
88225415
88212630
88146411
88137519
88096481
88032623
88029548
87855458
87623876
87567261
87505445
87379657
87371459
87352466
87220713
87192678
87060188
86750725
86653493
85446921
85379917
85368566
85346124
78064832
78060744
74764928
74764067
74049780
73673633
73504527
73183458
72799198
72753401
72746679
72743003
71379150
71332547
71283299
70984250
70601087
70462845
70359528
70359452
70359319
70222414
69684529
69513787
69256052
67894528
67863057
67854956
67319146
67247970
67209211
67053975
67046607
66898244
66888150
66674637
66619300
59701222
59553930
58708499
54725827
54721108
51012490
50935374
50934606
50934604
50932686
50932676
50932433
50932264
50932254
50931711
50931611
50931250
50931234
50931159
42621045
25199843
24189553
23695357
23695356
23664683
23623907
23414953
23414913
23414766
23414765
23377113
23304812
23304781
23304737
23295124
23281553
23231783
23228312
23054023
22101996
21756109
21677291
21672841
21672838
21672835
21672832
21672829
21456148
20981341
20977320
20977319
20836105
20835955
18503747
18503710
18331932
18316592
16688922
16688521
16058215
15963786
15959507
15734210
15164097
15012800
13864431
13494282
13116821
11970856
11968185
11968133
11967406
11829073
11829052
11827942
11827738
11826951
11813696
11800292
11799122
11795301
11793698
11785363
11773600
11773269
11767529
11767127
11761117
11757228
11754843
11743244
11742444
11734644
11699513
11685289
11671332
11656771
11650713
11640646
11570323
11497943
11491598
11490729
11466665
11421611
11419144
11417796
11399677
11399187
11398988
11389036
11373693
11373442
11319043
11318598
11308780
11304355
11292918
11282684
11281659
11262690
11246489
11239930
11237124
11235896
11225007
11213423
11212173
11193838
11193056
11190444
11177294
11168791
11166076
11155803
11151065
11133571
11124547
11123956
11122844
11114580
11099719
11098506
11092921
11092247
11081190
11071790
11068804
11061476
11060483
11057137
11050735
11050566
11050433
11048548
11029137
11017775
11017334
11016925
11005174
10995908
10995710
10995449
10995063
10994966
10994029
10985318
10984862
10984235
10983939
10973584
10972411
10962904
10959146
10952346
10950026
10929790
10918434
10907231
10906768
10905661
10905164
10904858
10898319
10897813
10897734
10895835
10895652
10895417
10884864
10861912
10840756
10837878
10837243
10814287
10813657
10791906
10788501
10746234
10721724
10720264
10719488
10717147
10700879
10697078
10695235
10649171
10626574
10601382
10578053
10553877
10552293
10527525
10510021
10506936
10505575
10464107
10462691
10462220
10460439
10454388
10436983
10395921
10374244
10370191
10366210
10348230
10347235
10346200
10325123
10324502
10260972
10257148
10256759
10255335
10101143
10099202
10089884
10078979
10056178
10049035
10031129
10027475
10024989
9985242
9981778
9980283
9911460
6811796
6793918
6790348
6454517
6454499
6452334
6452200
6441387
6438204
6437315
6437047
6436663
6435911
6397231
6397228
6393730
6390766
6390385
6389926
6386992
6383101
6382682
6382382
6382207
6380258
6379785
6378135
6378036
6377467
6374952
6374065
6373809
6368796
6367110
6367109
6367102
6367101
6367099
6367090
6367066
6366373
6366322
6366116
6366008
6365787
6365200
6365188
6338168
6338114
6338091
6338084
6338060
6338059
6338056
6337764
6337643
6337418
6337150
6336787
6336513
6336496
6336448
6335878
6335870
6335534
6335428
6335416
6335389
6335360
6335298
6335246
6335241
6335238
6335193
6335192
6335190
6335182
6335181
6334045
6333928
6333257
6333043
6333005
6333004
6333003
6333001
6332476
6332473
6330461
6330450
6330449
6330408
6330406
6330405
6330404
6330304
6330263
6330212
6330210
6330199
6330198
6330190
6330189
6330107
6330000
6329935
6328808
6328799
6328798
6328780
6328592
6328586
6328562
6328545
6328539
6328102
6328026
6327931
6327912
6327909
6327905
6327904
6327903
6327880
6327838
6327817
6327816
6327574
6327573
619414
81998
16682746
2733165
15096
4393688
2763294
90628
16683071
2779373
16684076
16683089
630640
16682828
16682812
4193592
3032732
16120
16682741
607784
607632
16682834
6327813
621176
16683286
16682827
2734722
5315049
16683072
62837
10862926
10959689
16684364
16683278
120323
16683765
4372073
16683766
16683945
4984872
16682826
11088958
16684353
12625532
200512
16684596
16684600
16683764
16684372
16684603
16682777
16683087
23765
533667
10947505
14323397
157238
16684356
16683085
11964040
16683287
12673241
209780
37499
2763249
2763259
639663
3825856
10993313
2763258
16682974
71343216
57369809
16683411
9948497
2733350
22273693
11068666
10960952
11338886
600944
2737316
2763251
2737318
626132
3483848
10914524
71333399
101003182
22595773
5948
21873087
15973294
21946344
18673776
44135925
599531
16686044
101943545
101597358
46839977
16427151
11122380
59259714
59259710
23087155
23087474
22273698
100956757
85470803
44150052
102062067
101994728
56841223
101689053
15047182
101608348
101094121
100936487
23087363
20273141
102313819
101616825
101176369
100962051
60041267
102586720
102239940
102114951
102059058
101831648
101539981
101505176
101176368
100981732
100939955
102065356
101934220
101831647
101045858
100949330
100936486
100936485
102586721
102173900
101934219
101831599
101826932
101616101
101463682
101023481
101998754
101943882
101669509
101669493
101662778
101662776
101616098
101176370
101089584
100982067
100944367
10524891
102589767
102065357
102016377
101933740
101715128
101669519
101669517
101669511
101669503
101669501
101669495
101616102
101616100
101272833
101245485
101109053
101109052
101048805
100971224
100947637
24194156
102121361
102073569
102073561
102066824
101920088
101715200
101669523
101669513
101669507
101669497
101245615
101240136
101178580
100989573
100989566
16686045
16683955
102274461
102270331
101937982
101752665
101669515
101669499
101569471
101384965
101254118
101230784
101230782
101176373
101176371
100981736
11048467
102029894
101996451
101669521
101669505
101643592
101461714
101249659
101026599
101003185
100999648
100989569
100971222
100913970
102515657
102199892
102070312
102007162
102003692
102003686
101941883
101940985
101937205
101871407
101847087
101841944
101759885
101752664
101659883
101644221
101357084
101270982
101254122
101254120
101230794
101230789
101176372
101139235
100951899
100913968
58843572
102585763
102585761
102585757
102373565
102177462
102073572
102073564
102003688
101934218
101921502
101920062
101871405
101841943
101759883
101759881
101473243
101473241
101356654
101356651
101356649
101270984
101250078
101245617
101139233
101113909
100971218
86745717
102188566
102070313
102057611
102054446
102029896
102003684
101992615
101937207
101933743
101920060
101847090
101841946
101759893
101715198
101336058
101270986
101245624
101245621
101245619
101025539
100940464
100939957
100934228
102585759
102003693
101992617
101992613
101670326
101427930
101356657
101250080
101249661
101212875
101191638
101139238
101124882
101020362
101020358
100971220
102329673
102209350
101847158
101847152
101228932
101191626
100989571
100981202
100921969
102415168
102378221
102378219
102357992
102328853
102245498
101759889
101759877
101676284
101670606
101662784
101662782
101639675
101638153
101191923
101191636
101191634
101191632
101191630
101191628
101025543
101020366
101020364
100945938
100921972
102328851
102066833
102008561
102008556
101992619
101948275
101920058
101763644
101500023
101187774
100964608
100964604
100964598
100964594
101622885
101622883
101610926
101367603
89521859
89485243
89251834
88834614
88749767
88532859
88532858
88517933
88505522
88395114
88355006
88240520
88149022
88077246
88076918
87187940
57490117
42602720
42602718
24195879